195
174
107
100
199
122
178
105
143
120
103
118
178
102
177
146
109
108
190
130
161
156
107
123
170
113
153
113
134
133
155
161
100
164
103
186
117
153
107
184
189
178
127
156
188
105
162
103
161
108
133
172
133
186
188
174
183
145
159
146
124
150
113
149
175
143
112
109
160
120
179
117
168
148
108
174
162
160
160
197
103
176
118
127
153
150
157
200
190
111
190
123
183
160
165
185
135
101
160
134
